0 10 33
0 9 39
0 1 6 
0 6 7
10 9 6
10 11 2
9 11 8
9 8 21
11 14 3
11 13 4
11 8 12
8 6 11
8 12 2
14 13 1
14 18 9
12 15 1
12 16 2
12 7 4
12 13 13
13 15 15
13 17 16
15 16 1
15 17 2
16 17 3
16 27 2
6 7 7
6 4 26
7 4 17
7 33 2
7 28 3
7 27 2
4 3 21
4 1 24
4 33 20
1 3 2
1 2 1
3 2 1
3 33 2
33 5 4
33 35 26
33 32 2
2 5 2
5 37 2
37 35 2
37 36 4
35 36 2
35 32 27
35 34 3
32 34 33
32 28 2
34 29 18
28 29 16
28 27 5
28 30 13
28 31 14
27 30 7
27 24 6
30 31 1
30 24 1
30 25 1
31 25 1
31 24 1
24 25 1
29 26 3
25 26 1
24 21 7
17 21 10
21 22 1
21 19 3
22 19 4
18 19 9
26 23 2
22 23 1
22 20 3
23 20 4
19 20 2